name HeartRate CBT BG
Tom 74 98 129
Arun 73 97 158
Job 68 99 136
Job 74 97 133
Ann 72 98 139
Lucy 73 99 85
Martin 72 99 145
Tom 72 98 113
Mary 74 98 141
Martin 70 99 155
Jacob 72 99 121
Tom 72 99 159
Joe 74 99 107
Lucy 72 98 94
Kevin 74 98 153
Jacob 70 98 111
Mary 74 97 123
Arun 71 99 149
Ann 75 98 145
Mary 73 97 145
Mary 69 99 100
Joe 70 97 104
Arun 68 98 117
Jacob 73 97 86
Kevin 68 99 150
Lucy 70 97 121
Martin 71 97 130
Ann 75 98 157
Jacob 75 99 93
Martin 71 98 106
Jacob 71 99 116
Ann 69 97 94
Jacob 74 99 91
Lucy 71 97 138
Joe 69 99 156
Kevin 72 98 119
Job 68 99 124
Jacob 72 97 134
Job 71 98 139
Tom 68 97 139
Ann 68 99 121
Lucy 75 98 151
Lucy 73 99 158
Jacob 72 99 100
Martin 74 98 125
Arun 73 98 137
Mary 69 97 129
Martin 75 99 114
Jacob 68 97 122
Job 69 97 151
Job 72 98 140
Kevin 75 98 113
Jacob 71 98 156
Kevin 69 99 153
Arun 68 97 106
Kevin 69 99 126
Lucy 69 98 97
Kevin 70 98 138
Jacob 74 98 146
Tom 72 97 146
Kevin 70 99 119
Tom 71 98 154
Kevin 69 99 151
Arun 68 98 140
Joe 72 99 159
Kevin 71 97 129
Lucy 73 99 154
Kevin 74 97 154
Arun 75 99 92
Arun 75 99 103
Arun 71 97 102
Job 74 97 121
Ann 71 98 111
Ann 75 98 125
Jacob 74 98 146
Jacob 70 98 124
Mary 69 99 103
Martin 71 99 127
Tom 71 98 96
Job 72 97 145
Kevin 75 97 108
Joe 75 99 139
Joe 69 99 115
Ann 72 98 125
Jacob 70 99 148
Lucy 74 97 108
Mary 71 97 114
Mary 73 99 121
Lucy 68 97 125
Ann 75 97 133
Mary 70 99 153
Tom 74 98 128
Tom 69 97 120
Job 75 97 151
Joe 71 97 100
Joe 71 98 111
Kevin 73 99 136
Tom 71 97 85
Ann 72 99 118
Lucy 74 98 149
Kevin 68 98 140
Joe 68 97 125
Kevin 70 99 88
Ann 68 98 154
Ann 71 98 113
Arun 71 98 89
Martin 75 99 125
Ann 70 99 128
Ann 73 99 101
Job 68 98 114
Martin 69 98 103
Tom 75 99 124
Job 75 98 139
Joe 68 98 97
Arun 68 97 156
Joe 74 97 141
Mary 72 99 110
Jacob 75 99 91
Kevin 72 98 119
Tom 73 98 140
Tom 72 99 138
Tom 74 97 107
Kevin 72 97 122
Joe 73 98 92
Lucy 69 97 98
Job 74 98 96
Mary 69 98 159
Arun 74 98 99
Joe 68 98 152
Arun 74 98 148
Jacob 68 97 124
Tom 72 98 118
Joe 71 98 155
Kevin 69 99 127
Kevin 70 99 134
Mary 75 98 138
Kevin 74 99 115
Jacob 68 99 89
Jacob 74 99 128
Arun 73 97 121
Arun 73 98 156
Lucy 72 98 97
Arun 70 98 117
Martin 71 98 91
Tom 75 97 118
Ann 71 98 149
Ann 71 99 144
Lucy 71 97 141
Mary 71 97 98
Ann 68 97 148
Kevin 73 97 128
Martin 72 97 130
Mary 70 97 160
Joe 73 97 112
Mary 71 98 120
Lucy 74 99 149
Job 70 97 110
Jacob 70 97 157
Joe 71 99 133
Jacob 68 99 85
Martin 68 99 110
Lucy 71 99 133
Tom 71 97 88
Lucy 70 98 98
Jacob 75 97 152
Jacob 74 99 135
Ann 68 99 106
Mary 68 98 100
Martin 75 97 134
Martin 73 98 103
Jacob 70 99 139
Jacob 74 99 139
Joe 71 99 141
Job 68 99 139
Joe 68 97 105
Tom 73 99 89
Kevin 70 98 85
Tom 74 97 134
Martin 70 99 136
Job 73 99 152
Joe 68 97 90
Arun 72 99 152
Lucy 74 98 108
Arun 75 97 155
Kevin 74 99 92
Martin 74 99 108
Kevin 72 98 105
Jacob 71 99 125
Martin 74 97 152
Martin 68 98 147
Arun 69 99 88
Mary 69 98 114
Lucy 70 98 118
Ann 70 97 159
Lucy 72 98 105
Arun 74 99 94
Ann 74 97 129
Arun 68 98 140
Kevin 72 97 138
Arun 70 98 146
Jacob 74 99 120
Martin 73 98 98
Tom 72 98 122
Joe 71 98 127
Martin 68 97 121
Mary 70 98 111
Job 73 99 113
Joe 70 99 137
Arun 74 98 119
Martin 73 98 128
Lucy 73 97 95
Kevin 75 97 122
Ann 70 98 138
Job 68 99 122
Jacob 75 98 142
Joe 72 99 92
Joe 73 97 122
Tom 73 98 136
Martin 72 97 112
Lucy 68 97 132
Jacob 70 98 127
Joe 69 99 102
Jacob 71 98 139
Ann 72 97 120
Lucy 71 98 121
Joe 75 98 87
Joe 70 98 157
Mary 70 98 133
Joe 71 98 119
Mary 68 97 101
Kevin 75 97 140
Mary 68 98 142
Jacob 72 98 135
Jacob 75 98 109
Kevin 68 97 120
Ann 70 99 133
Tom 69 99 155
Tom 72 99 122
Arun 71 97 86
Joe 70 97 146
Lucy 73 99 142
Arun 74 98 97
Jacob 70 97 113
Mary 72 97 106
Kevin 68 99 148
Arun 71 97 117
Joe 73 98 120
Kevin 71 97 147
Ann 75 97 151
Lucy 68 98 141
Ann 70 99 100
Jacob 75 98 118
Ann 68 99 136
Tom 71 98 126
Kevin 69 98 91
Kevin 70 99 104
Job 75 98 154
Martin 69 99 142
Kevin 72 97 131
Job 71 99 131
Ann 68 98 131
Martin 74 99 85
Arun 74 99 103
Jacob 74 99 149
Jacob 68 97 117
Ann 72 98 137
Kevin 70 98 141
Lucy 69 98 89
Jacob 68 97 130
Tom 69 99 133
Joe 68 97 145
Mary 72 98 121
Job 74 99 118
Kevin 70 99 145
Kevin 70 97 154
Kevin 68 99 115
Joe 71 98 98
Mary 70 99 151
Tom 70 97 126
Jacob 72 97 151
Job 75 98 137
Mary 68 98 127
Joe 75 97 93
Lucy 74 97 95
Tom 75 99 110
Martin 69 99 123
Mary 68 99 127
Ann 73 99 127
Mary 72 98 119
Martin 68 98 136
Mary 68 98 124
Jacob 69 97 124
Martin 69 99 134
Ann 75 97 95
Kevin 71 98 106
Martin 75 97 105
Mary 68 98 123
Joe 74 98 89
Martin 69 98 92
Kevin 73 98 149
